local folder = Instance.new("Folder", game.ServerStorage)
folder.Name = "HatMorphs"
--Converted with ttyyuu12345's model to script plugin v4
function sandbox(var,func)
	local env = getfenv(func)
	local newenv = setmetatable({},{
		__index = function(self,k)
			if k=="script" then
				return var
			else
				return env[k]
			end
		end,
	})
	setfenv(func,newenv)
	return func
end
cors = {}
mas = Instance.new("Model",game:GetService("Lighting"))
Folder0 = Instance.new("Folder")
Model1 = Instance.new("Model")
Part2 = Instance.new("Part")
SpecialMesh3 = Instance.new("SpecialMesh")
MeshPart4 = Instance.new("MeshPart")
Model5 = Instance.new("Model")
Part6 = Instance.new("Part")
SpecialMesh7 = Instance.new("SpecialMesh")
MeshPart8 = Instance.new("MeshPart")
Model9 = Instance.new("Model")
Part10 = Instance.new("Part")
SpecialMesh11 = Instance.new("SpecialMesh")
Part12 = Instance.new("Part")
SpecialMesh13 = Instance.new("SpecialMesh")
UnionOperation14 = Instance.new("UnionOperation")
Model15 = Instance.new("Model")
Part16 = Instance.new("Part")
SpecialMesh17 = Instance.new("SpecialMesh")
UnionOperation18 = Instance.new("UnionOperation")
Part19 = Instance.new("Part")
SpecialMesh20 = Instance.new("SpecialMesh")
Part21 = Instance.new("Part")
SpecialMesh22 = Instance.new("SpecialMesh")
Part23 = Instance.new("Part")
ParticleEmitter24 = Instance.new("ParticleEmitter")
UnionOperation25 = Instance.new("UnionOperation")
StringValue26 = Instance.new("StringValue")
UnionOperation27 = Instance.new("UnionOperation")
StringValue28 = Instance.new("StringValue")
Model29 = Instance.new("Model")
Part30 = Instance.new("Part")
SpecialMesh31 = Instance.new("SpecialMesh")
Model32 = Instance.new("Model")
Part33 = Instance.new("Part")
SpecialMesh34 = Instance.new("SpecialMesh")
Part35 = Instance.new("Part")
SpecialMesh36 = Instance.new("SpecialMesh")
Part37 = Instance.new("Part")
SpecialMesh38 = Instance.new("SpecialMesh")
Part39 = Instance.new("Part")
ParticleEmitter40 = Instance.new("ParticleEmitter")
UnionOperation41 = Instance.new("UnionOperation")
UnionOperation42 = Instance.new("UnionOperation")
StringValue43 = Instance.new("StringValue")
UnionOperation44 = Instance.new("UnionOperation")
StringValue45 = Instance.new("StringValue")
Model46 = Instance.new("Model")
MeshPart47 = Instance.new("MeshPart")
Part48 = Instance.new("Part")
Weld49 = Instance.new("Weld")
Weld50 = Instance.new("Weld")
Weld51 = Instance.new("Weld")
Weld52 = Instance.new("Weld")
SpecialMesh53 = Instance.new("SpecialMesh")
MeshPart54 = Instance.new("MeshPart")
MeshPart55 = Instance.new("MeshPart")
Folder0.Name = "♀"
Folder0.Parent = game.ServerStorage:WaitForChild("HatMorphs")
Model1.Name = "LowerL"
Model1.Parent = Folder0
Part2.Name = "Middle"
Part2.Parent = Model1
Part2.CFrame = CFrame.new(242499.719, -613.516785, -116257.312, 1.00000048, -1.42309273e-06, -2.16881489e-07, 1.71962711e-06, 1, -8.93632546e-08, 2.18511516e-07, 8.95957584e-08, 1)
Part2.Position = Vector3.new(242499.71875, -613.5167846679688, -116257.3125)
Part2.Color = Color3.new(1, 0, 0)
Part2.Size = Vector3.new(0.20000000298023224, 0.20000000298023224, 0.20000000298023224)
Part2.Anchored = true
Part2.BottomSurface = Enum.SurfaceType.Smooth
Part2.BrickColor = BrickColor.new("Really red")
Part2.CanCollide = false
Part2.LeftParamA = 0
Part2.LeftParamB = 0
Part2.RightParamA = 0
Part2.RightParamB = 0
Part2.TopSurface = Enum.SurfaceType.Smooth
Part2.brickColor = BrickColor.new("Really red")
SpecialMesh3.Parent = Part2
SpecialMesh3.Scale = Vector3.new(0, 0, 0)
SpecialMesh3.MeshType = Enum.MeshType.Brick
MeshPart4.Name = "Bru"
MeshPart4.Parent = Model1
MeshPart4.CFrame = CFrame.new(242499.469, -613.622498, -116257.367, -2.43946175e-07, 1.69768964e-06, -1, -8.70183783e-08, 1, 1.69768964e-06, 1, 8.70187904e-08, -2.43946033e-07)
MeshPart4.Orientation = Vector3.new(0, -90, 0)
MeshPart4.Position = Vector3.new(242499.46875, -613.6224975585938, -116257.3671875)
MeshPart4.Rotation = Vector3.new(0, -90, 0)
MeshPart4.Color = Color3.new(0.972549, 0.972549, 0.972549)
MeshPart4.Size = Vector3.new(1.3378959894180298, 1.5497828722000122, 1.2630113363265991)
MeshPart4.BrickColor = BrickColor.new("Institutional white")
MeshPart4.Material = Enum.Material.SmoothPlastic
MeshPart4.brickColor = BrickColor.new("Institutional white")
Model5.Name = "LowerR"
Model5.Parent = Folder0
Part6.Name = "Middle"
Part6.Parent = Model5
Part6.CFrame = CFrame.new(242500.219, -613.516785, -116257.312, 1.00000048, -1.36392146e-06, -2.15600906e-07, 1.66054201e-06, 0.999996245, -1.39919166e-07, 2.16998174e-07, 1.40173512e-07, 1)
Part6.Position = Vector3.new(242500.21875, -613.5167846679688, -116257.3125)
Part6.Color = Color3.new(1, 0, 0)
Part6.Size = Vector3.new(0.20000000298023224, 0.20000000298023224, 0.20000000298023224)
Part6.Anchored = true
Part6.BottomSurface = Enum.SurfaceType.Smooth
Part6.BrickColor = BrickColor.new("Really red")
Part6.CanCollide = false
Part6.LeftParamA = 0
Part6.LeftParamB = 0
Part6.RightParamA = 0
Part6.RightParamB = 0
Part6.TopSurface = Enum.SurfaceType.Smooth
Part6.brickColor = BrickColor.new("Really red")
SpecialMesh7.Parent = Part6
SpecialMesh7.Scale = Vector3.new(0, 0, 0)
SpecialMesh7.MeshType = Enum.MeshType.Brick
MeshPart8.Name = "Bru"
MeshPart8.Parent = Model5
MeshPart8.CFrame = CFrame.new(242500.469, -613.622498, -116257.367, -2.45226744e-07, 1.75778951e-06, -1.00000048, -1.37176343e-07, 0.999996245, 1.46115599e-06, 1, 1.374314e-07, -2.46623557e-07)
MeshPart8.Orientation = Vector3.new(0, -90, 0)
MeshPart8.Position = Vector3.new(242500.46875, -613.6224975585938, -116257.3671875)
MeshPart8.Rotation = Vector3.new(0, -90, 0)
MeshPart8.Color = Color3.new(0.972549, 0.972549, 0.972549)
MeshPart8.Size = Vector3.new(1.3380000591278076, 1.5499999523162842, 1.2630000114440918)
MeshPart8.BrickColor = BrickColor.new("Institutional white")
MeshPart8.Material = Enum.Material.SmoothPlastic
MeshPart8.brickColor = BrickColor.new("Institutional white")
Model9.Name = "LowerStatic"
Model9.Parent = Folder0
Model9.PrimaryPart = Part10
Part10.Name = "Middle"
Part10.Parent = Model9
Part10.CFrame = CFrame.new(242499.953, -612.521851, -116257.82, 1, 2.45564489e-11, -9.59232693e-14, 2.45564489e-11, 1, -1.19904087e-14, -9.59232693e-14, -1.19904087e-14, 1)
Part10.Position = Vector3.new(242499.953125, -612.5218505859375, -116257.8203125)
Part10.Color = Color3.new(0.972549, 0.972549, 0.972549)
Part10.Size = Vector3.new(2, 2, 1)
Part10.Anchored = true
Part10.BottomSurface = Enum.SurfaceType.Smooth
Part10.BrickColor = BrickColor.new("Institutional white")
Part10.CanCollide = false
Part10.Material = Enum.Material.SmoothPlastic
Part10.TopSurface = Enum.SurfaceType.Smooth
Part10.brickColor = BrickColor.new("Institutional white")
Part10.FormFactor = Enum.FormFactor.Symmetric
Part10.formFactor = Enum.FormFactor.Symmetric
SpecialMesh11.Parent = Part10
SpecialMesh11.MeshId = "http://www.roblox.com/asset/?id=12221758"
SpecialMesh11.MeshType = Enum.MeshType.FileMesh
Part12.Name = "color2"
Part12.Parent = Model9
Part12.CFrame = CFrame.new(242499.938, -613.400635, -116257.406, -1, 1.84173597e-11, -9.99954821e-08, -2.45562667e-11, 1, 3.05420511e-13, 9.99956526e-08, 2.84439139e-13, -1)
Part12.Orientation = Vector3.new(0, 180, 0)
Part12.Position = Vector3.new(242499.9375, -613.400634765625, -116257.40625)
Part12.Rotation = Vector3.new(180, 0, 180)
Part12.Color = Color3.new(0.745098, 0.407843, 0.384314)
Part12.Size = Vector3.new(0.47562175989151, 0.5794751048088074, 0.2166927605867386)
Part12.Anchored = true
Part12.BottomSurface = Enum.SurfaceType.Smooth
Part12.BrickColor = BrickColor.new("Terra Cotta")
Part12.CanCollide = false
Part12.Material = Enum.Material.SmoothPlastic
Part12.TopSurface = Enum.SurfaceType.Smooth
Part12.brickColor = BrickColor.new("Terra Cotta")
Part12.FormFactor = Enum.FormFactor.Custom
Part12.formFactor = Enum.FormFactor.Custom
SpecialMesh13.Parent = Part12
SpecialMesh13.Scale = Vector3.new(0.3559962213039398, 1, 1)
SpecialMesh13.MeshType = Enum.MeshType.Sphere
UnionOperation14.Name = "color5"
UnionOperation14.Parent = Model9
UnionOperation14.CFrame = CFrame.new(242499.938, -613.377319, -116257.609, -0.999999523, -0.000400063058, -0.000935154734, -0.00101699366, 0.408634186, 0.912697673, 1.69996365e-05, 0.912698269, -0.408634335)
UnionOperation14.Orientation = Vector3.new(-65.88099670410156, -179.86900329589844, -0.14300000667572021)
UnionOperation14.Position = Vector3.new(242499.9375, -613.3773193359375, -116257.609375)
UnionOperation14.Rotation = Vector3.new(-114.11900329589844, -0.05400000140070915, 179.9770050048828)
UnionOperation14.Color = Color3.new(0.972549, 0.972549, 0.972549)
UnionOperation14.Size = Vector3.new(0.982434868812561, 0.9224821925163269, 0.746903657913208)
UnionOperation14.Anchored = true
UnionOperation14.Material = Enum.Material.SmoothPlastic
UnionOperation14.UsePartColor = true
Model15.Name = "UpperL"
Model15.Parent = Folder0
Model15.PrimaryPart = Part16
Part16.Name = "Middle"
Part16.Parent = Model15
Part16.CFrame = CFrame.new(-242500.344, 31782.5312, 116257.312, 1, -1.17714158e-10, 1.36424205e-12, -1.17714158e-10, 1, 2.72848411e-12, 1.36424205e-12, 2.72848411e-12, 1)
Part16.Position = Vector3.new(-242500.34375, 31782.53125, 116257.3125)
Part16.Color = Color3.new(1, 0, 0)
Part16.Size = Vector3.new(0.20000000298023224, 0.20000000298023224, 0.20000000298023224)
Part16.Anchored = true
Part16.BottomSurface = Enum.SurfaceType.Smooth
Part16.BrickColor = BrickColor.new("Really red")
Part16.CanCollide = false
Part16.LeftParamA = 0
Part16.LeftParamB = 0
Part16.RightParamA = 0
Part16.RightParamB = 0
Part16.TopSurface = Enum.SurfaceType.Smooth
Part16.brickColor = BrickColor.new("Really red")
SpecialMesh17.Parent = Part16
SpecialMesh17.Scale = Vector3.new(0, 0, 0)
SpecialMesh17.MeshType = Enum.MeshType.Brick
UnionOperation18.Name = "color5"
UnionOperation18.Parent = Model15
UnionOperation18.CFrame = CFrame.new(-242500.5, 31781.8613, 116257.242, 0.918505669, 0.374722481, -0.126215786, -0.393934637, 0.839682937, -0.373829067, -0.0341009311, 0.393084854, 0.918869734)
UnionOperation18.Orientation = Vector3.new(21.95199966430664, -7.821000099182129, -25.132999420166016)
UnionOperation18.Position = Vector3.new(-242500.5, 31781.861328125, 116257.2421875)
UnionOperation18.Rotation = Vector3.new(22.13800048828125, -7.250999927520752, -22.194000244140625)
UnionOperation18.Color = Color3.new(0.972549, 0.972549, 0.972549)
UnionOperation18.Size = Vector3.new(1.0850465297698975, 1.4105604887008667, 1.0850465297698975)
UnionOperation18.Anchored = true
UnionOperation18.CanCollide = false
UnionOperation18.Material = Enum.Material.SmoothPlastic
UnionOperation18.UsePartColor = true
Part19.Name = "Bra"
Part19.Parent = Model15
Part19.CFrame = CFrame.new(-242500.719, 31781.6504, 116256.742, 0.897437692, -0.0980055854, 0.430116981, 0.0146412887, 0.981089592, 0.193000078, -0.440898329, -0.16690807, 0.881901622)
Part19.Orientation = Vector3.new(-11.128000259399414, 25.999000549316406, 0.8550000190734863)
Part19.Position = Vector3.new(-242500.71875, 31781.650390625, 116256.7421875)
Part19.Rotation = Vector3.new(-12.343999862670898, 25.475000381469727, 6.23199987411499)
Part19.Color = Color3.new(1, 0.580392, 0.580392)
Part19.Size = Vector3.new(0.4520629048347473, 0.4520629644393921, 0.37123775482177734)
Part19.Anchored = true
Part19.BottomSurface = Enum.SurfaceType.Smooth
Part19.BrickColor = BrickColor.new("Salmon")
Part19.CanCollide = false
Part19.Material = Enum.Material.SmoothPlastic
Part19.TopSurface = Enum.SurfaceType.Smooth
Part19.brickColor = BrickColor.new("Salmon")
SpecialMesh20.Parent = Part19
SpecialMesh20.MeshType = Enum.MeshType.Sphere
Part21.Name = "c1"
Part21.Parent = Model15
Part21.CFrame = CFrame.new(-242500.781, 31781.625, 116256.586, 0.897437692, -0.0980055854, 0.430116981, 0.0146412887, 0.981089592, 0.193000078, -0.440898329, -0.16690807, 0.881901622)
Part21.Orientation = Vector3.new(-11.128000259399414, 25.999000549316406, 0.8550000190734863)
Part21.Position = Vector3.new(-242500.78125, 31781.625, 116256.5859375)
Part21.Rotation = Vector3.new(-12.343999862670898, 25.475000381469727, 6.23199987411499)
Part21.Color = Color3.new(1, 0.580392, 0.580392)
Part21.Size = Vector3.new(0.17000000178813934, 0.17000000178813934, 0.12709128856658936)
Part21.Anchored = true
Part21.BottomSurface = Enum.SurfaceType.Smooth
Part21.BrickColor = BrickColor.new("Salmon")
Part21.CanCollide = false
Part21.Material = Enum.Material.SmoothPlastic
Part21.TopSurface = Enum.SurfaceType.Smooth
Part21.brickColor = BrickColor.new("Salmon")
SpecialMesh22.Parent = Part21
SpecialMesh22.MeshType = Enum.MeshType.Sphere
Part23.Name = "Particle3"
Part23.Parent = Model15
Part23.CFrame = CFrame.new(-242500.812, 31781.6035, 116256.508, 0.897437692, -0.0980055854, 0.430116981, 0.0146412887, 0.981089592, 0.193000078, -0.440898329, -0.16690807, 0.881901622)
Part23.Orientation = Vector3.new(-11.128000259399414, 25.999000549316406, 0.8550000190734863)
Part23.Position = Vector3.new(-242500.8125, 31781.603515625, 116256.5078125)
Part23.Rotation = Vector3.new(-12.343999862670898, 25.475000381469727, 6.23199987411499)
Part23.Color = Color3.new(1, 0.580392, 0.580392)
Part23.Size = Vector3.new(0.11999999731779099, 0.11999999731779099, 0.11999999731779099)
Part23.Anchored = true
Part23.BottomSurface = Enum.SurfaceType.Smooth
Part23.BrickColor = BrickColor.new("Salmon")
Part23.CanCollide = false
Part23.Material = Enum.Material.SmoothPlastic
Part23.TopSurface = Enum.SurfaceType.Smooth
Part23.brickColor = BrickColor.new("Salmon")
ParticleEmitter24.Name = "Particles"
ParticleEmitter24.Parent = Part23
ParticleEmitter24.Speed = NumberRange.new(4, 6)
ParticleEmitter24.Orientation = Enum.ParticleOrientation.VelocityParallel
ParticleEmitter24.Rotation = NumberRange.new(90, 90)
ParticleEmitter24.Enabled = false
ParticleEmitter24.LightInfluence = 1
ParticleEmitter24.Texture = "rbxassetid://3202767053"
ParticleEmitter24.Transparency = NumberSequence.new(0,0,1)
ParticleEmitter24.Size = NumberSequence.new(0.07999999821186066,0.07999999821186066,0)
ParticleEmitter24.Acceleration = Vector3.new(0, -5, 0)
ParticleEmitter24.EmissionDirection = Enum.NormalId.Front
ParticleEmitter24.Lifetime = NumberRange.new(0.75, 1)
ParticleEmitter24.Rate = 75
ParticleEmitter24.SpreadAngle = Vector2.new(10, 10)
ParticleEmitter24.VelocitySpread = 10
UnionOperation25.Name = "Piercing"
UnionOperation25.Parent = Model15
UnionOperation25.CFrame = CFrame.new(-242500.781, 31781.6172, 116256.57, 0.897432685, -0.0980528742, 0.430116624, 0.0146621661, 0.981077015, 0.193061858, -0.440907806, -0.166953579, 0.881888211)
UnionOperation25.Orientation = Vector3.new(-11.131999969482422, 26, 0.8560000061988831)
UnionOperation25.Position = Vector3.new(-242500.78125, 31781.6171875, 116256.5703125)
UnionOperation25.Rotation = Vector3.new(-12.347999572753906, 25.475000381469727, 6.235000133514404)
UnionOperation25.Color = Color3.new(0.764706, 0.764706, 0.764706)
UnionOperation25.Size = Vector3.new(0.2999267876148224, 0.10201264917850494, 0.10546875)
UnionOperation25.Anchored = true
UnionOperation25.BrickColor = BrickColor.new("Light grey")
UnionOperation25.CanCollide = false
UnionOperation25.Material = Enum.Material.Metal
UnionOperation25.Reflectance = 1
UnionOperation25.brickColor = BrickColor.new("Light grey")
StringValue26.Name = "Hidden"
StringValue26.Parent = UnionOperation25
UnionOperation27.Name = "Ring"
UnionOperation27.Parent = Model15
UnionOperation27.CFrame = CFrame.new(-242500.781, 31781.5137, 116256.586, 0.965509117, 0.259999394, 0.0138774933, 0.0189093314, -0.0168619361, -0.999679029, -0.25968194, 0.965461552, -0.0211967658)
UnionOperation27.Orientation = Vector3.new(88.5479965209961, 146.78700256347656, 131.7239990234375)
UnionOperation27.Position = Vector3.new(-242500.78125, 31781.513671875, 116256.5859375)
UnionOperation27.Rotation = Vector3.new(91.21499633789062, 0.7950000166893005, -15.071999549865723)
UnionOperation27.Color = Color3.new(0.764706, 0.764706, 0.764706)
UnionOperation27.Size = Vector3.new(0.33026814460754395, 0.0732339471578598, 0.33036625385284424)
UnionOperation27.Anchored = true
UnionOperation27.BrickColor = BrickColor.new("Light grey")
UnionOperation27.CanCollide = false
UnionOperation27.Material = Enum.Material.Metal
UnionOperation27.Reflectance = 1
UnionOperation27.brickColor = BrickColor.new("Light grey")
StringValue28.Name = "Hidden"
StringValue28.Parent = UnionOperation27
Model29.Name = "UpperStatic"
Model29.Parent = Folder0
Model29.PrimaryPart = Part30
Part30.Name = "Middle"
Part30.Parent = Model29
Part30.CFrame = CFrame.new(-242500.094, 31781.5312, 116257.805, 1, -3.00133252e-10, -3.68622991e-30, -3.00133252e-10, 1, 4.91279109e-20, -3.68622991e-30, 4.91279109e-20, 1)
Part30.Position = Vector3.new(-242500.09375, 31781.53125, 116257.8046875)
Part30.Color = Color3.new(0.972549, 0.972549, 0.972549)
Part30.Size = Vector3.new(2, 2, 1)
Part30.Anchored = true
Part30.BottomSurface = Enum.SurfaceType.Smooth
Part30.BrickColor = BrickColor.new("Institutional white")
Part30.CanCollide = false
Part30.Material = Enum.Material.SmoothPlastic
Part30.TopSurface = Enum.SurfaceType.Smooth
Part30.brickColor = BrickColor.new("Institutional white")
Part30.FormFactor = Enum.FormFactor.Symmetric
Part30.formFactor = Enum.FormFactor.Symmetric
SpecialMesh31.Name = "MaleMesh"
SpecialMesh31.Parent = Part30
SpecialMesh31.MeshId = "http://www.roblox.com/asset/?id=12221758"
SpecialMesh31.MeshType = Enum.MeshType.FileMesh
Model32.Name = "UpperR"
Model32.Parent = Folder0
Model32.PrimaryPart = Part33
Part33.Name = "Middle"
Part33.Parent = Model32
Part33.CFrame = CFrame.new(-242499.844, 31782.5312, 116257.312, 1, 6.10365924e-13, 4.54747351e-13, 6.10360937e-13, 1, -1.09672565e-05, 4.54754019e-13, 1.09672374e-05, 1)
Part33.Orientation = Vector3.new(0.0010000000474974513, 0, 0)
Part33.Position = Vector3.new(-242499.84375, 31782.53125, 116257.3125)
Part33.Rotation = Vector3.new(0.0010000000474974513, 0, 0)
Part33.Color = Color3.new(1, 0, 0)
Part33.Size = Vector3.new(0.20000000298023224, 0.20000000298023224, 0.20000000298023224)
Part33.Anchored = true
Part33.BottomSurface = Enum.SurfaceType.Smooth
Part33.BrickColor = BrickColor.new("Really red")
Part33.CanCollide = false
Part33.LeftParamA = 0
Part33.LeftParamB = 0
Part33.RightParamA = 0
Part33.RightParamB = 0
Part33.TopSurface = Enum.SurfaceType.Smooth
Part33.brickColor = BrickColor.new("Really red")
SpecialMesh34.Parent = Part33
SpecialMesh34.Scale = Vector3.new(0, 0, 0)
SpecialMesh34.MeshType = Enum.MeshType.Brick
Part35.Name = "c1"
Part35.Parent = Model32
Part35.CFrame = CFrame.new(-242499.438, 31781.6641, 116256.742, 0.890613258, 0.0811053663, -0.447470754, 0.0030854682, 0.98286736, 0.184288621, 0.454751223, -0.165510535, 0.875104308)
Part35.Orientation = Vector3.new(-10.619999885559082, -27.082000732421875, 0.18000000715255737)
Part35.Position = Vector3.new(-242499.4375, 31781.6640625, 116256.7421875)
Part35.Rotation = Vector3.new(-11.892000198364258, -26.582000732421875, -5.203000068664551)
Part35.Color = Color3.new(1, 0.580392, 0.580392)
Part35.Size = Vector3.new(0.4520627558231354, 0.45206281542778015, 0.3712376654148102)
Part35.Anchored = true
Part35.BottomSurface = Enum.SurfaceType.Smooth
Part35.BrickColor = BrickColor.new("Salmon")
Part35.CanCollide = false
Part35.Material = Enum.Material.SmoothPlastic
Part35.TopSurface = Enum.SurfaceType.Smooth
Part35.brickColor = BrickColor.new("Salmon")
SpecialMesh36.Parent = Part35
SpecialMesh36.MeshType = Enum.MeshType.Sphere
Part37.Name = "c1"
Part37.Parent = Model32
Part37.CFrame = CFrame.new(-242499.375, 31781.6367, 116256.602, 0.890613258, 0.0811053663, -0.447470754, 0.0030854682, 0.98286736, 0.184288621, 0.454751223, -0.165510535, 0.875104308)
Part37.Orientation = Vector3.new(-10.619999885559082, -27.082000732421875, 0.18000000715255737)
Part37.Position = Vector3.new(-242499.375, 31781.63671875, 116256.6015625)
Part37.Rotation = Vector3.new(-11.892000198364258, -26.582000732421875, -5.203000068664551)
Part37.Color = Color3.new(1, 0.580392, 0.580392)
Part37.Size = Vector3.new(0.17000000178813934, 0.17000000178813934, 0.132755845785141)
Part37.Anchored = true
Part37.BottomSurface = Enum.SurfaceType.Smooth
Part37.BrickColor = BrickColor.new("Salmon")
Part37.CanCollide = false
Part37.Material = Enum.Material.SmoothPlastic
Part37.TopSurface = Enum.SurfaceType.Smooth
Part37.brickColor = BrickColor.new("Salmon")
SpecialMesh38.Parent = Part37
SpecialMesh38.MeshType = Enum.MeshType.Sphere
Part39.Name = "Particle2"
Part39.Parent = Model32
Part39.CFrame = CFrame.new(-242499.344, 31781.6172, 116256.523, 0.890613258, 0.0811053663, -0.447470754, 0.0030854682, 0.98286736, 0.184288621, 0.454751223, -0.165510535, 0.875104308)
Part39.Orientation = Vector3.new(-10.619999885559082, -27.082000732421875, 0.18000000715255737)
Part39.Position = Vector3.new(-242499.34375, 31781.6171875, 116256.5234375)
Part39.Rotation = Vector3.new(-11.892000198364258, -26.582000732421875, -5.203000068664551)
Part39.Color = Color3.new(1, 0.580392, 0.580392)
Part39.Size = Vector3.new(0.11999999731779099, 0.11999999731779099, 0.11999999731779099)
Part39.Anchored = true
Part39.BottomSurface = Enum.SurfaceType.Smooth
Part39.BrickColor = BrickColor.new("Salmon")
Part39.CanCollide = false
Part39.Material = Enum.Material.SmoothPlastic
Part39.TopSurface = Enum.SurfaceType.Smooth
Part39.brickColor = BrickColor.new("Salmon")
ParticleEmitter40.Name = "Particles"
ParticleEmitter40.Parent = Part39
ParticleEmitter40.Speed = NumberRange.new(4, 6)
ParticleEmitter40.Orientation = Enum.ParticleOrientation.VelocityParallel
ParticleEmitter40.Rotation = NumberRange.new(90, 90)
ParticleEmitter40.Enabled = false
ParticleEmitter40.LightInfluence = 1
ParticleEmitter40.Texture = "rbxassetid://3202767053"
ParticleEmitter40.Transparency = NumberSequence.new(0,0,1)
ParticleEmitter40.Size = NumberSequence.new(0.07999999821186066,0.07999999821186066,0)
ParticleEmitter40.Acceleration = Vector3.new(0, -5, 0)
ParticleEmitter40.EmissionDirection = Enum.NormalId.Front
ParticleEmitter40.Lifetime = NumberRange.new(0.75, 1)
ParticleEmitter40.Rate = 75
ParticleEmitter40.SpreadAngle = Vector2.new(10, 10)
ParticleEmitter40.VelocitySpread = 10
UnionOperation41.Name = "color5"
UnionOperation41.Parent = Model32
UnionOperation41.CFrame = CFrame.new(-242499.688, 31781.8652, 116257.242, 0.90987438, -0.397348434, 0.119343534, 0.412065059, 0.832022488, -0.371404231, 0.0482803769, 0.387108475, 0.920769393)
UnionOperation41.Orientation = Vector3.new(21.802000045776367, 7.385000228881836, 26.347000122070312)
UnionOperation41.Position = Vector3.new(-242499.6875, 31781.865234375, 116257.2421875)
UnionOperation41.Rotation = Vector3.new(21.966999053955078, 6.854000091552734, 23.590999603271484)
UnionOperation41.Color = Color3.new(0.972549, 0.972549, 0.972549)
UnionOperation41.Size = Vector3.new(1.0850465297698975, 1.4105604887008667, 1.0850465297698975)
UnionOperation41.Anchored = true
UnionOperation41.CanCollide = false
UnionOperation41.Material = Enum.Material.SmoothPlastic
UnionOperation41.UsePartColor = true
UnionOperation42.Name = "Piercing"
UnionOperation42.Parent = Model32
UnionOperation42.CFrame = CFrame.new(-242499.375, 31781.6309, 116256.586, 0.890626669, 0.0811405927, -0.447437614, 0.00302424468, 0.982873082, 0.184258908, 0.454725295, -0.165459052, 0.875127554)
UnionOperation42.Orientation = Vector3.new(-10.618000030517578, -27.079999923706055, 0.17599999904632568)
UnionOperation42.Position = Vector3.new(-242499.375, 31781.630859375, 116256.5859375)
UnionOperation42.Rotation = Vector3.new(-11.890000343322754, -26.57900047302246, -5.205999851226807)
UnionOperation42.Color = Color3.new(0.764706, 0.764706, 0.764706)
UnionOperation42.Size = Vector3.new(0.2999267876148224, 0.10201264917850494, 0.10546875)
UnionOperation42.Anchored = true
UnionOperation42.BrickColor = BrickColor.new("Light grey")
UnionOperation42.CanCollide = false
UnionOperation42.Material = Enum.Material.Metal
UnionOperation42.Reflectance = 1
UnionOperation42.brickColor = BrickColor.new("Light grey")
StringValue43.Name = "Hidden"
StringValue43.Parent = UnionOperation42
UnionOperation44.Name = "Ring"
UnionOperation44.Parent = Model32
UnionOperation44.CFrame = CFrame.new(-242499.375, 31781.5273, 116256.602, 0.96606791, -0.257596225, 0.0188958328, 0.0139021976, -0.0211932324, -0.999678731, 0.257913888, 0.966020286, -0.0168929435)
UnionOperation44.Orientation = Vector3.new(88.5479965209961, 131.7969970703125, 146.73599243164062)
UnionOperation44.Position = Vector3.new(-242499.375, 31781.52734375, 116256.6015625)
UnionOperation44.Rotation = Vector3.new(90.96800231933594, 1.0829999446868896, 14.930000305175781)
UnionOperation44.Color = Color3.new(0.764706, 0.764706, 0.764706)
UnionOperation44.Size = Vector3.new(0.33026814460754395, 0.0732339471578598, 0.33036625385284424)
UnionOperation44.Anchored = true
UnionOperation44.BrickColor = BrickColor.new("Light grey")
UnionOperation44.CanCollide = false
UnionOperation44.Material = Enum.Material.Metal
UnionOperation44.Reflectance = 1
UnionOperation44.brickColor = BrickColor.new("Light grey")
StringValue45.Name = "Hidden"
StringValue45.Parent = UnionOperation44
Model46.Name = "LowerStaticB"
Model46.Parent = Folder0
MeshPart47.Name = "color1"
MeshPart47.Parent = Model46
MeshPart47.CFrame = CFrame.new(59.0598259, 15332.2422, -152.211594, 0.00684631057, -0.573854208, 0.818928838, -6.26559427e-08, 0.81894803, 0.573867679, -0.999976575, -0.0039289277, 0.00560673652)
MeshPart47.Orientation = Vector3.new(-35.02000045776367, 89.60800170898438, 0)
MeshPart47.Position = Vector3.new(59.0598258972168, 15332.2421875, -152.2115936279297)
MeshPart47.Rotation = Vector3.new(-89.44000244140625, 54.97800064086914, 89.31600189208984)
MeshPart47.Color = Color3.new(1, 0.580392, 0.580392)
MeshPart47.Velocity = Vector3.new(-0.0000010189264685322996, 0.0012487178901210427, 0.0000018359510249865707)
MeshPart47.Size = Vector3.new(0.11211509257555008, 0.11211509257555008, 0.11211509257555008)
MeshPart47.BrickColor = BrickColor.new("Salmon")
MeshPart47.CanCollide = false
MeshPart47.CollisionGroupId = -1
MeshPart47.Material = Enum.Material.SmoothPlastic
MeshPart47.RotVelocity = Vector3.new(-0.000001525317998130049, -1.1218782826826704e-14, -8.465296446047432e-07)
MeshPart47.brickColor = BrickColor.new("Salmon")
Part48.Name = "Middle"
Part48.Parent = Model46
Part48.CFrame = CFrame.new(59.4659538, 15333.4189, -152.206268, 0.00684631057, 3.46423228e-08, 0.999976575, -6.26559427e-08, 1, -3.42141639e-08, -0.999976575, -6.24202272e-08, 0.00684631057)
Part48.Orientation = Vector3.new(0, 89.60800170898438, 0)
Part48.Position = Vector3.new(59.4659538269043, 15333.4189453125, -152.20626831054688)
Part48.Rotation = Vector3.new(0, 89.60800170898438, 0)
Part48.Color = Color3.new(0.972549, 0.972549, 0.972549)
Part48.Transparency = 1
Part48.Velocity = Vector3.new(-2.2766167617760402e-08, 0.0012483822647482157, 4.1021202434876614e-08)
Part48.Size = Vector3.new(2, 2, 1)
Part48.BottomSurface = Enum.SurfaceType.Smooth
Part48.BrickColor = BrickColor.new("Institutional white")
Part48.CanCollide = false
Part48.CollisionGroupId = -1
Part48.Material = Enum.Material.SmoothPlastic
Part48.RotVelocity = Vector3.new(-0.000001525317998130049, -1.1218782826826704e-14, -8.465296446047432e-07)
Part48.TopSurface = Enum.SurfaceType.Smooth
Part48.brickColor = BrickColor.new("Institutional white")
Part48.FormFactor = Enum.FormFactor.Symmetric
Part48.formFactor = Enum.FormFactor.Symmetric
Weld49.Parent = Part48
Weld49.C1 = CFrame.new(0.671875, 0.861328125, 0.00197601318, -5.57899475e-05, 0.573265672, 0.819369555, -4.64618206e-05, 0.819369555, -0.573265672, -1, -7.00056553e-05, -1.90734863e-05)
Weld49.Part0 = Part48
Weld49.Part1 = MeshPart54
Weld49.part1 = MeshPart54
Weld50.Parent = Part48
Weld50.Part0 = Part48
Weld50.Part1 = Part48
Weld50.part1 = Part48
Weld51.Parent = Part48
Weld51.C1 = CFrame.new(-0.00254821777, 0.73046875, 1.0078125, 1, 0, 0, 0, 0.81894803, -0.573867679, 0, 0.573867679, 0.81894803)
Weld51.Part0 = Part48
Weld51.Part1 = MeshPart47
Weld51.part1 = MeshPart47
Weld52.Parent = Part48
Weld52.C1 = CFrame.new(0.822265625, 0.861328125, 0.00197601318, -5.57899475e-05, 0.573265672, 0.819369555, -4.64618206e-05, 0.819369555, -0.573265672, -1, -7.00056553e-05, -1.90734863e-05)
Weld52.Part0 = Part48
Weld52.Part1 = MeshPart55
Weld52.part1 = MeshPart55
SpecialMesh53.Name = "MaleMesh"
SpecialMesh53.Parent = Part48
SpecialMesh53.MeshId = "http://www.roblox.com/asset/?id=12221758"
SpecialMesh53.MeshType = Enum.MeshType.FileMesh
MeshPart54.Name = "color5"
MeshPart54.Parent = Model46
MeshPart54.CFrame = CFrame.new(59.4092255, 15332.3281, -152.20871, 0.819350004, -0.573252559, -0.00686538359, 0.573265672, 0.819369555, -6.9943002e-05, 0.00566541124, -0.00387834525, 0.999976456)
MeshPart54.Orientation = Vector3.new(0.004000000189989805, -0.3930000066757202, 34.97800064086914)
MeshPart54.Position = Vector3.new(59.40922546386719, 15332.328125, -152.20870971679688)
MeshPart54.Rotation = Vector3.new(0.004000000189989805, -0.3930000066757202, 34.97800064086914)
MeshPart54.Color = Color3.new(0.807843, 0.568627, 0.439216)
MeshPart54.Velocity = Vector3.new(-9.461779200137244e-07, 0.0012484266189858317, 0.000001704869077912008)
MeshPart54.Size = Vector3.new(0.8512085676193237, 0.8756651878356934, 0.9353137016296387)
MeshPart54.BrickColor = BrickColor.new("Nougat")
MeshPart54.CanCollide = false
MeshPart54.CollisionGroupId = -1
MeshPart54.Material = Enum.Material.SmoothPlastic
MeshPart54.RotVelocity = Vector3.new(-0.000001525317998130049, -1.1218782826826704e-14, -8.465296446047432e-07)
MeshPart54.brickColor = BrickColor.new("Nougat")
MeshPart55.Name = "color1"
MeshPart55.Parent = Model46
MeshPart55.CFrame = CFrame.new(59.2860031, 15332.2422, -152.209564, 0.819350004, -0.573252559, -0.00686538359, 0.573265672, 0.819369555, -6.9943002e-05, 0.00566541124, -0.00387834525, 0.999976456)
MeshPart55.Orientation = Vector3.new(0.004000000189989805, -0.3930000066757202, 34.97800064086914)
MeshPart55.Position = Vector3.new(59.28600311279297, 15332.2421875, -152.20956420898438)
MeshPart55.Rotation = Vector3.new(0.004000000189989805, -0.3930000066757202, 34.97800064086914)
MeshPart55.Color = Color3.new(1, 0.580392, 0.580392)
MeshPart55.Velocity = Vector3.new(-0.0000010189264685322996, 0.0012485295301303267, 0.0000018359510249865707)
MeshPart55.Size = Vector3.new(0.5063328742980957, 0.6931320428848267, 0.16010800004005432)
MeshPart55.BrickColor = BrickColor.new("Salmon")
MeshPart55.CanCollide = false
MeshPart55.CollisionGroupId = -1
MeshPart55.Material = Enum.Material.SmoothPlastic
MeshPart55.RotVelocity = Vector3.new(-0.000001525317998130049, -1.1218782826826704e-14, -8.465296446047432e-07)
MeshPart55.brickColor = BrickColor.new("Salmon")
for i,v in pairs(mas:GetChildren()) do
	v.Parent = game.ServerStorage:WaitForChild("HatMorphs")
	pcall(function() v:MakeJoints() end)
end
mas:Destroy()
for i,v in pairs(cors) do
	spawn(function()
		pcall(v)
	end)
end

--Converted with ttyyuu12345's model to script plugin v4
function sandbox(var,func)
	local env = getfenv(func)
	local newenv = setmetatable({},{
		__index = function(self,k)
			if k=="script" then
				return var
			else
				return env[k]
			end
		end,
	})
	setfenv(func,newenv)
	return func
end
cors = {}
mas = Instance.new("Model",game:GetService("Lighting"))
Folder0 = Instance.new("Folder")
Model1 = Instance.new("Model")
Part2 = Instance.new("Part")
SpecialMesh3 = Instance.new("SpecialMesh")
MeshPart4 = Instance.new("MeshPart")
Model5 = Instance.new("Model")
Part6 = Instance.new("Part")
SpecialMesh7 = Instance.new("SpecialMesh")
MeshPart8 = Instance.new("MeshPart")
Model9 = Instance.new("Model")
Part10 = Instance.new("Part")
SpecialMesh11 = Instance.new("SpecialMesh")
Part12 = Instance.new("Part")
SpecialMesh13 = Instance.new("SpecialMesh")
UnionOperation14 = Instance.new("UnionOperation")
Model15 = Instance.new("Model")
Part16 = Instance.new("Part")
UnionOperation17 = Instance.new("UnionOperation")
Model18 = Instance.new("Model")
Part19 = Instance.new("Part")
Part20 = Instance.new("Part")
ParticleEmitter21 = Instance.new("ParticleEmitter")
UnionOperation22 = Instance.new("UnionOperation")
UnionOperation23 = Instance.new("UnionOperation")
UnionOperation24 = Instance.new("UnionOperation")
UnionOperation25 = Instance.new("UnionOperation")
Model26 = Instance.new("Model")
Part27 = Instance.new("Part")
SpecialMesh28 = Instance.new("SpecialMesh")
Folder0.Name = "♂"
Folder0.Parent = mas
Model1.Name = "LowerL"
Model1.Parent = Folder0
Part2.Name = "Middle"
Part2.Parent = Model1
Part2.CFrame = CFrame.new(242499.719, -613.516785, -116257.312, 1.00000048, -1.42309273e-06, -2.16881489e-07, 1.71962711e-06, 1, -8.93632546e-08, 2.18511516e-07, 8.95957584e-08, 1)
Part2.Position = Vector3.new(242499.71875, -613.5167846679688, -116257.3125)
Part2.Color = Color3.new(1, 0, 0)
Part2.Size = Vector3.new(0.20000000298023224, 0.20000000298023224, 0.20000000298023224)
Part2.Anchored = true
Part2.BottomSurface = Enum.SurfaceType.Smooth
Part2.BrickColor = BrickColor.new("Really red")
Part2.CanCollide = false
Part2.LeftParamA = 0
Part2.LeftParamB = 0
Part2.RightParamA = 0
Part2.RightParamB = 0
Part2.TopSurface = Enum.SurfaceType.Smooth
Part2.brickColor = BrickColor.new("Really red")
SpecialMesh3.Parent = Part2
SpecialMesh3.Scale = Vector3.new(0, 0, 0)
SpecialMesh3.MeshType = Enum.MeshType.Brick
MeshPart4.Name = "Bru"
MeshPart4.Parent = Model1
MeshPart4.CFrame = CFrame.new(242499.469, -613.622498, -116257.367, -2.43946175e-07, 1.69768964e-06, -1, -8.70183783e-08, 1, 1.69768964e-06, 1, 8.70187904e-08, -2.43946033e-07)
MeshPart4.Orientation = Vector3.new(0, -90, 0)
MeshPart4.Position = Vector3.new(242499.46875, -613.6224975585938, -116257.3671875)
MeshPart4.Rotation = Vector3.new(0, -90, 0)
MeshPart4.Color = Color3.new(0.972549, 0.972549, 0.972549)
MeshPart4.Size = Vector3.new(1.3378959894180298, 1.5497828722000122, 1.2630113363265991)
MeshPart4.BrickColor = BrickColor.new("Institutional white")
MeshPart4.Material = Enum.Material.SmoothPlastic
MeshPart4.brickColor = BrickColor.new("Institutional white")
Model5.Name = "LowerR"
Model5.Parent = Folder0
Part6.Name = "Middle"
Part6.Parent = Model5
Part6.CFrame = CFrame.new(242500.219, -613.516785, -116257.312, 1.00000048, -1.36392146e-06, -2.15600906e-07, 1.66054201e-06, 0.999996245, -1.39919166e-07, 2.16998174e-07, 1.40173512e-07, 1)
Part6.Position = Vector3.new(242500.21875, -613.5167846679688, -116257.3125)
Part6.Color = Color3.new(1, 0, 0)
Part6.Size = Vector3.new(0.20000000298023224, 0.20000000298023224, 0.20000000298023224)
Part6.Anchored = true
Part6.BottomSurface = Enum.SurfaceType.Smooth
Part6.BrickColor = BrickColor.new("Really red")
Part6.CanCollide = false
Part6.LeftParamA = 0
Part6.LeftParamB = 0
Part6.RightParamA = 0
Part6.RightParamB = 0
Part6.TopSurface = Enum.SurfaceType.Smooth
Part6.brickColor = BrickColor.new("Really red")
SpecialMesh7.Parent = Part6
SpecialMesh7.Scale = Vector3.new(0, 0, 0)
SpecialMesh7.MeshType = Enum.MeshType.Brick
MeshPart8.Name = "Bru"
MeshPart8.Parent = Model5
MeshPart8.CFrame = CFrame.new(242500.469, -613.622498, -116257.367, -2.45226744e-07, 1.75778951e-06, -1.00000048, -1.37176343e-07, 0.999996245, 1.46115599e-06, 1, 1.374314e-07, -2.46623557e-07)
MeshPart8.Orientation = Vector3.new(0, -90, 0)
MeshPart8.Position = Vector3.new(242500.46875, -613.6224975585938, -116257.3671875)
MeshPart8.Rotation = Vector3.new(0, -90, 0)
MeshPart8.Color = Color3.new(0.972549, 0.972549, 0.972549)
MeshPart8.Size = Vector3.new(1.3380000591278076, 1.5499999523162842, 1.2630000114440918)
MeshPart8.BrickColor = BrickColor.new("Institutional white")
MeshPart8.Material = Enum.Material.SmoothPlastic
MeshPart8.brickColor = BrickColor.new("Institutional white")
Model9.Name = "LowerStatic"
Model9.Parent = Folder0
Model9.PrimaryPart = Part10
Part10.Name = "Middle"
Part10.Parent = Model9
Part10.CFrame = CFrame.new(242499.953, -612.521851, -116257.82, 1, 2.45564489e-11, -9.59232693e-14, 2.45564489e-11, 1, -1.19904087e-14, -9.59232693e-14, -1.19904087e-14, 1)
Part10.Position = Vector3.new(242499.953125, -612.5218505859375, -116257.8203125)
Part10.Color = Color3.new(0.972549, 0.972549, 0.972549)
Part10.Size = Vector3.new(2, 2, 1)
Part10.Anchored = true
Part10.BottomSurface = Enum.SurfaceType.Smooth
Part10.BrickColor = BrickColor.new("Institutional white")
Part10.CanCollide = false
Part10.Material = Enum.Material.SmoothPlastic
Part10.TopSurface = Enum.SurfaceType.Smooth
Part10.brickColor = BrickColor.new("Institutional white")
Part10.FormFactor = Enum.FormFactor.Symmetric
Part10.formFactor = Enum.FormFactor.Symmetric
SpecialMesh11.Parent = Part10
SpecialMesh11.MeshId = "http://www.roblox.com/asset/?id=12221758"
SpecialMesh11.MeshType = Enum.MeshType.FileMesh
Part12.Name = "color2"
Part12.Parent = Model9
Part12.CFrame = CFrame.new(242499.938, -613.400635, -116257.406, -1, 1.84173597e-11, -9.99954821e-08, -2.45562667e-11, 1, 3.05420511e-13, 9.99956526e-08, 2.84439139e-13, -1)
Part12.Orientation = Vector3.new(0, 180, 0)
Part12.Position = Vector3.new(242499.9375, -613.400634765625, -116257.40625)
Part12.Rotation = Vector3.new(180, 0, 180)
Part12.Color = Color3.new(0.745098, 0.407843, 0.384314)
Part12.Size = Vector3.new(0.47562175989151, 0.5794751048088074, 0.2166927605867386)
Part12.Anchored = true
Part12.BottomSurface = Enum.SurfaceType.Smooth
Part12.BrickColor = BrickColor.new("Terra Cotta")
Part12.CanCollide = false
Part12.Material = Enum.Material.SmoothPlastic
Part12.TopSurface = Enum.SurfaceType.Smooth
Part12.brickColor = BrickColor.new("Terra Cotta")
Part12.FormFactor = Enum.FormFactor.Custom
Part12.formFactor = Enum.FormFactor.Custom
SpecialMesh13.Parent = Part12
SpecialMesh13.Scale = Vector3.new(0.3559962213039398, 1, 1)
SpecialMesh13.MeshType = Enum.MeshType.Sphere
UnionOperation14.Name = "color5"
UnionOperation14.Parent = Model9
UnionOperation14.CFrame = CFrame.new(242499.938, -613.377319, -116257.609, -0.999999523, -0.000400063058, -0.000935154734, -0.00101699366, 0.408634186, 0.912697673, 1.69996365e-05, 0.912698269, -0.408634335)
UnionOperation14.Orientation = Vector3.new(-65.88099670410156, -179.86900329589844, -0.14300000667572021)
UnionOperation14.Position = Vector3.new(242499.9375, -613.3773193359375, -116257.609375)
UnionOperation14.Rotation = Vector3.new(-114.11900329589844, -0.05400000140070915, 179.9770050048828)
UnionOperation14.Color = Color3.new(0.972549, 0.972549, 0.972549)
UnionOperation14.Size = Vector3.new(0.982434868812561, 0.9224821925163269, 0.746903657913208)
UnionOperation14.Anchored = true
UnionOperation14.Material = Enum.Material.SmoothPlastic
UnionOperation14.UsePartColor = true
Model15.Name = "Orbs"
Model15.Parent = Folder0
Part16.Name = "Middle"
Part16.Parent = Model15
Part16.CFrame = CFrame.new(242032.969, -491.251709, -31797.6113, 0.779683828, -0.109882586, 0.616457105, 0.000513436913, 0.98459059, 0.174852937, -0.626173437, -0.136013418, 0.767728031)
Part16.Orientation = Vector3.new(-10.069999694824219, 38.76300048828125, 0.029999999329447746)
Part16.Position = Vector3.new(242032.96875, -491.251708984375, -31797.611328125)
Part16.Rotation = Vector3.new(-12.829999923706055, 38.05799865722656, 8.022000312805176)
Part16.Color = Color3.new(1, 0, 0)
Part16.Transparency = 1
Part16.Size = Vector3.new(0.150053471326828, 0.150053471326828, 0.150053471326828)
Part16.Anchored = true
Part16.BottomSurface = Enum.SurfaceType.Smooth
Part16.BrickColor = BrickColor.new("Really red")
Part16.CanCollide = false
Part16.LeftParamA = 0
Part16.LeftParamB = 0
Part16.RightParamA = 0
Part16.RightParamB = 0
Part16.TopSurface = Enum.SurfaceType.Smooth
Part16.brickColor = BrickColor.new("Really red")
UnionOperation17.Name = "Bru"
UnionOperation17.Parent = Model15
UnionOperation17.CFrame = CFrame.new(242032.906, -491.475403, -31797.6465, -0.779683709, -0.109885335, -0.616456926, -0.00051473442, 0.984590113, -0.174855739, 0.626173556, -0.136014745, -0.767727971)
UnionOperation17.Orientation = Vector3.new(10.069999694824219, -141.23699951171875, -0.029999999329447746)
